A,C,D,E,F,G,H,I,K,L,M,N,P,Q,R,S,T,V,W,Y,Label
0.06342494714587738,0.016913319238900635,0.0613107822410148,0.06712473572938689,0.04281183932346723,0.06395348837209303,0.026427061310782242,0.052854122621564484,0.04809725158562368,0.10359408033826638,0.01427061310782241,0.04492600422832981,0.039112050739957716,0.04175475687103594,0.04439746300211417,0.11945031712473574,0.04492600422832981,0.06765327695560254,0.016913319238900635,0.0200845665961945,1
0.08629441624365482,0.02030456852791878,0.05583756345177665,0.03553299492385787,0.04568527918781726,0.06598984771573604,0.01015228426395939,0.06091370558375635,0.09644670050761421,0.08121827411167512,0.005076142131979695,0.04060913705583756,0.05583756345177665,0.03553299492385787,0.030456852791878174,0.07106598984771574,0.06091370558375635,0.09644670050761421,0.01015228426395939,0.03553299492385787,1
0.0663265306122449,0.02040816326530612,0.061224489795918366,0.030612244897959183,0.05102040816326531,0.061224489795918366,0.01020408163265306,0.0663265306122449,0.09693877551020408,0.07653061224489796,0.01020408163265306,0.05612244897959184,0.05612244897959184,0.03571428571428571,0.03571428571428571,0.061224489795918366,0.061224489795918366,0.09693877551020408,0.01020408163265306,0.03571428571428571,1
0.08196721311475409,0.0,0.05737704918032787,0.07377049180327869,0.04918032786885246,0.04918032786885246,0.00819672131147541,0.06557377049180328,0.09836065573770492,0.06557377049180328,0.03278688524590164,0.02459016393442623,0.05737704918032787,0.01639344262295082,0.04918032786885246,0.08196721311475409,0.04918032786885246,0.09016393442622951,0.0,0.04918032786885246,1
0.04849884526558892,0.012702078521939953,0.05542725173210162,0.06235565819861432,0.06235565819861432,0.054272517321016164,0.03579676674364896,0.05542725173210162,0.03464203233256351,0.10969976905311778,0.023094688221709007,0.053117782909930716,0.046189376443418015,0.03117782909930716,0.05889145496535797,0.09584295612009237,0.053117782909930716,0.050808314087759814,0.025404157043879907,0.03117782909930716,1
0.04918032786885246,0.0,0.07377049180327869,0.09016393442622951,0.05737704918032787,0.05737704918032787,0.0,0.09016393442622951,0.12295081967213115,0.04918032786885246,0.02459016393442623,0.040983606557377046,0.04918032786885246,0.00819672131147541,0.04918032786885246,0.07377049180327869,0.03278688524590164,0.08196721311475409,0.0,0.04918032786885246,1
0.035555555555555556,0.022222222222222223,0.044444444444444446,0.09333333333333334,0.035555555555555556,0.044444444444444446,0.02666666666666667,0.057777777777777775,0.05333333333333334,0.11555555555555555,0.017777777777777778,0.02666666666666667,0.057777777777777775,0.022222222222222223,0.03111111111111111,0.11555555555555555,0.04,0.08888888888888889,0.03111111111111111,0.04,1
0.05647058823529412,0.021176470588235293,0.06588235294117648,0.03294117647058824,0.05647058823529412,0.06823529411764706,0.02588235294117647,0.04,0.03294117647058824,0.07764705882352942,0.023529411764705882,0.04470588235294118,0.06823529411764706,0.04470588235294118,0.06588235294117648,0.1223529411764706,0.04,0.08470588235294117,0.009411764705882352,0.018823529411764704,1
0.07028753993610223,0.012779552715654952,0.04472843450479233,0.07507987220447285,0.039936102236421724,0.04952076677316294,0.03035143769968051,0.051118210862619806,0.052715654952076675,0.1134185303514377,0.01757188498402556,0.04472843450479233,0.05750798722044728,0.036741214057507986,0.051118210862619806,0.10702875399361023,0.05750798722044728,0.05591054313099041,0.007987220447284345,0.023961661341853034,1
0.07317073170731707,0.02295552367288379,0.06886657101865136,0.05164992826398852,0.04160688665710186,0.06025824964131994,0.018651362984218076,0.04591104734576758,0.04160688665710186,0.12338593974175036,0.01721664275466284,0.05595408895265423,0.05308464849354376,0.03156384505021521,0.04160688665710186,0.10760401721664276,0.047345767575322814,0.06025824964131994,0.018651362984218076,0.018651362984218076,1
0.04747774480712166,0.01483679525222552,0.06231454005934718,0.08605341246290801,0.03857566765578635,0.050445103857566766,0.01483679525222552,0.06528189910979229,0.06231454005934718,0.10089020771513353,0.026706231454005934,0.04451038575667656,0.08011869436201781,0.032640949554896145,0.04451038575667656,0.06824925816023739,0.03560830860534125,0.06824925816023739,0.02373887240356083,0.032640949554896145,1
0.06382978723404255,0.02321083172147002,0.05029013539651837,0.08123791102514506,0.04642166344294004,0.048355899419729204,0.019342359767891684,0.04642166344294004,0.06963249516441006,0.08704061895551257,0.015473887814313346,0.06963249516441006,0.059961315280464215,0.05222437137330754,0.0425531914893617,0.07543520309477757,0.048355899419729204,0.058027079303675046,0.015473887814313346,0.027079303675048357,1
0.04643449419568822,0.004975124378109453,0.06799336650082918,0.03316749585406302,0.04311774461028192,0.05804311774461028,0.028192371475953566,0.03980099502487562,0.03150912106135987,0.08623548922056384,0.01824212271973466,0.029850746268656716,0.087893864013267,0.03648424543946932,0.0812603648424544,0.175787728026534,0.04477611940298507,0.04975124378109453,0.008291873963515755,0.028192371475953566,1
0.07752613240418119,0.02177700348432056,0.059233449477351915,0.09581881533101046,0.03484320557491289,0.039198606271777,0.032229965156794424,0.033101045296167246,0.07142857142857142,0.10452961672473868,0.0313588850174216,0.04529616724738676,0.029616724738675958,0.046167247386759584,0.04965156794425087,0.10017421602787456,0.04006968641114982,0.06097560975609756,0.0,0.02700348432055749,1
0.05320600272851296,0.009549795361527967,0.061391541609822645,0.06002728512960437,0.040927694406548434,0.06002728512960437,0.02592087312414734,0.061391541609822645,0.045020463847203276,0.10914051841746249,0.027285129604365622,0.03819918144611187,0.047748976807639835,0.05320600272851296,0.06821282401091405,0.12687585266030013,0.04365620736698499,0.04365620736698499,0.004092769440654843,0.020463847203274217,1
0.0544,0.0176,0.0544,0.056,0.0496,0.0416,0.024,0.0432,0.0496,0.0752,0.0144,0.0336,0.0928,0.0272,0.08,0.1632,0.0368,0.0576,0.0064,0.0224,1
0.07032348804500703,0.011251758087201125,0.05485232067510549,0.05625879043600562,0.04360056258790436,0.06329113924050633,0.03234880450070324,0.06188466947960619,0.0450070323488045,0.10689170182841069,0.02390998593530239,0.0450070323488045,0.052039381153305204,0.04781997187060478,0.06329113924050633,0.1111111111111111,0.03938115330520394,0.04781997187060478,0.004219409282700422,0.01969057665260197,1
0.05370843989769821,0.020460358056265986,0.05115089514066496,0.05370843989769821,0.06649616368286446,0.0792838874680307,0.03324808184143223,0.056265984654731455,0.02557544757033248,0.08439897698209718,0.023017902813299233,0.05370843989769821,0.043478260869565216,0.03580562659846547,0.07161125319693094,0.09462915601023018,0.04859335038363171,0.06649616368286446,0.010230179028132993,0.028132992327365727,1
0.05750798722044728,0.009584664536741214,0.10543130990415335,0.08306709265175719,0.03194888178913738,0.054313099041533544,0.02875399361022364,0.04472843450479233,0.06389776357827476,0.08306709265175719,0.02875399361022364,0.02875399361022364,0.05750798722044728,0.022364217252396165,0.04153354632587859,0.07028753993610223,0.06389776357827476,0.07348242811501597,0.012779552715654952,0.038338658146964855,1
0.07291666666666667,0.010416666666666666,0.0625,0.020833333333333332,0.07291666666666667,0.0625,0.020833333333333332,0.041666666666666664,0.07291666666666667,0.07291666666666667,0.020833333333333332,0.052083333333333336,0.052083333333333336,0.020833333333333332,0.041666666666666664,0.125,0.03125,0.10416666666666667,0.010416666666666666,0.03125,1
0.03361344537815126,0.008403361344537815,0.07563025210084033,0.058823529411764705,0.06722689075630252,0.03361344537815126,0.025210084033613446,0.058823529411764705,0.09243697478991597,0.07563025210084033,0.058823529411764705,0.05042016806722689,0.05042016806722689,0.025210084033613446,0.04201680672268908,0.08403361344537816,0.05042016806722689,0.058823529411764705,0.0,0.05042016806722689,1
0.06722689075630252,0.0,0.058823529411764705,0.08403361344537816,0.05042016806722689,0.03361344537815126,0.008403361344537815,0.06722689075630252,0.08403361344537816,0.06722689075630252,0.03361344537815126,0.04201680672268908,0.058823529411764705,0.01680672268907563,0.07563025210084033,0.06722689075630252,0.04201680672268908,0.09243697478991597,0.0,0.05042016806722689,1
0.06209850107066381,0.02569593147751606,0.06852248394004283,0.055674518201284794,0.044967880085653104,0.06852248394004283,0.017130620985010708,0.03640256959314775,0.04925053533190578,0.08993576017130621,0.014989293361884369,0.029978586723768737,0.05139186295503212,0.04068522483940043,0.044967880085653104,0.11563169164882227,0.07066381156316917,0.06423982869379015,0.019271948608137045,0.029978586723768737,1
0.08264462809917356,0.0,0.0743801652892562,0.08264462809917356,0.05785123966942149,0.049586776859504134,0.008264462809917356,0.0743801652892562,0.11570247933884298,0.05785123966942149,0.01652892561983471,0.01652892561983471,0.05785123966942149,0.01652892561983471,0.05785123966942149,0.06611570247933884,0.03305785123966942,0.08264462809917356,0.0,0.049586776859504134,1
0.1015625,0.01171875,0.0390625,0.06640625,0.05859375,0.03515625,0.01171875,0.06640625,0.06640625,0.0859375,0.01953125,0.02734375,0.05859375,0.046875,0.0703125,0.09375,0.0546875,0.0625,0.00390625,0.01953125,1
0.06956521739130435,0.017391304347826087,0.06086956521739131,0.06956521739130435,0.06086956521739131,0.034782608695652174,0.008695652173913044,0.06086956521739131,0.09565217391304348,0.08695652173913043,0.034782608695652174,0.017391304347826087,0.05217391304347826,0.02608695652173913,0.043478260869565216,0.0782608695652174,0.05217391304347826,0.06086956521739131,0.0,0.06956521739130435,1
0.07446808510638298,0.010638297872340425,0.06382978723404255,0.02127659574468085,0.07446808510638298,0.06382978723404255,0.02127659574468085,0.0425531914893617,0.06382978723404255,0.07446808510638298,0.02127659574468085,0.07446808510638298,0.0425531914893617,0.031914893617021274,0.031914893617021274,0.11702127659574468,0.02127659574468085,0.10638297872340426,0.010638297872340425,0.031914893617021274,1
0.049586776859504134,0.0,0.0743801652892562,0.08264462809917356,0.05785123966942149,0.04132231404958678,0.008264462809917356,0.0743801652892562,0.09090909090909091,0.049586776859504134,0.03305785123966942,0.04132231404958678,0.04132231404958678,0.024793388429752067,0.05785123966942149,0.08264462809917356,0.049586776859504134,0.09090909090909091,0.0,0.049586776859504134,1
0.06289308176100629,0.029350104821802937,0.06708595387840671,0.06918238993710692,0.03773584905660377,0.07127882599580712,0.020964360587002098,0.04821802935010482,0.041928721174004195,0.09224318658280922,0.012578616352201259,0.023060796645702306,0.041928721174004195,0.029350104821802937,0.050314465408805034,0.13417190775681342,0.06708595387840671,0.05870020964360587,0.016771488469601678,0.025157232704402517,1
0.08333333333333333,0.0,0.058333333333333334,0.09166666666666666,0.06666666666666667,0.03333333333333333,0.025,0.1,0.09166666666666666,0.05,0.025,0.016666666666666666,0.06666666666666667,0.016666666666666666,0.06666666666666667,0.058333333333333334,0.025,0.075,0.0,0.05,1
0.07377049180327869,0.00819672131147541,0.04918032786885246,0.08196721311475409,0.05737704918032787,0.05737704918032787,0.00819672131147541,0.05737704918032787,0.09836065573770492,0.06557377049180328,0.040983606557377046,0.03278688524590164,0.05737704918032787,0.01639344262295082,0.04918032786885246,0.05737704918032787,0.04918032786885246,0.08196721311475409,0.0,0.05737704918032787,1
0.013953488372093023,0.023255813953488372,0.037209302325581395,0.11162790697674418,0.05116279069767442,0.037209302325581395,0.037209302325581395,0.09767441860465116,0.08372093023255814,0.08837209302325581,0.023255813953488372,0.03255813953488372,0.05581395348837209,0.046511627906976744,0.04186046511627907,0.07906976744186046,0.027906976744186046,0.06511627906976744,0.018604651162790697,0.027906976744186046,1
0.061522419186652764,0.01981230448383733,0.04275286757038582,0.054223149113660066,0.0364963503649635,0.06777893639207508,0.03858185610010428,0.035453597497393116,0.05735140771637122,0.08133472367049009,0.02502606882168926,0.051094890510948905,0.05005213764337852,0.03858185610010428,0.03128258602711158,0.132429614181439,0.05943691345151199,0.08029197080291971,0.014598540145985401,0.021897810218978103,1
0.05089058524173028,0.022900763358778626,0.04071246819338423,0.05597964376590331,0.05597964376590331,0.07633587786259542,0.027989821882951654,0.058524173027989825,0.030534351145038167,0.0916030534351145,0.030534351145038167,0.05343511450381679,0.035623409669211195,0.04071246819338423,0.061068702290076333,0.10941475826972011,0.04834605597964377,0.07124681933842239,0.010178117048346057,0.027989821882951654,1
0.05717367853290183,0.014023732470334413,0.061488673139158574,0.05070118662351672,0.038834951456310676,0.07659115426105717,0.02912621359223301,0.040992448759439054,0.039913700107874865,0.07011866235167206,0.016181229773462782,0.0593311758360302,0.06472491909385113,0.030204962243797196,0.043149946062567425,0.13592233009708737,0.05070118662351672,0.08090614886731391,0.009708737864077669,0.030204962243797196,1
0.07103825136612021,0.01092896174863388,0.03825136612021858,0.03825136612021858,0.04644808743169399,0.0546448087431694,0.02185792349726776,0.05737704918032787,0.03551912568306011,0.12021857923497267,0.01639344262295082,0.04371584699453552,0.040983606557377046,0.02185792349726776,0.04644808743169399,0.14754098360655737,0.07650273224043716,0.06830601092896176,0.00546448087431694,0.03825136612021858,1
0.07470511140235911,0.01703800786369594,0.05242463958060288,0.05897771952817824,0.0327653997378768,0.07863695937090433,0.023591087811271297,0.0563564875491481,0.04849279161205767,0.061598951507208385,0.01703800786369594,0.035386631716906945,0.03669724770642202,0.04456094364351245,0.05242463958060288,0.1218872870249017,0.06422018348623854,0.08650065530799476,0.010484927916120577,0.02621231979030144,1
0.06149732620320856,0.02406417112299465,0.040106951871657755,0.053475935828877004,0.06684491978609626,0.06417112299465241,0.026737967914438502,0.053475935828877004,0.058823529411764705,0.09090909090909091,0.01871657754010695,0.05614973262032086,0.03208556149732621,0.0213903743315508,0.0481283422459893,0.09358288770053476,0.05080213903743316,0.10160427807486631,0.0106951871657754,0.026737967914438502,1
0.07269155206286837,0.025540275049115914,0.05697445972495088,0.07662082514734773,0.015717092337917484,0.06286836935166994,0.0275049115913556,0.05304518664047151,0.05697445972495088,0.10412573673870335,0.019646365422396856,0.05304518664047151,0.011787819253438114,0.03732809430255403,0.05697445972495088,0.09823182711198428,0.07072691552062868,0.06483300589390963,0.019646365422396856,0.015717092337917484,1
0.10856453558504221,0.012062726176115802,0.05910735826296743,0.0735826296743064,0.04463208685162847,0.061519903498190594,0.013268998793727383,0.04221954161640531,0.04463208685162847,0.11338962605548854,0.016887816646562123,0.028950542822677925,0.033775633293124246,0.04342581423401689,0.06393244873341375,0.10615199034981906,0.04945717732207479,0.06393244873341375,0.0036188178528347406,0.016887816646562123,0
0.1103030303030303,0.012121212121212121,0.06060606060606061,0.07272727272727272,0.04363636363636364,0.06303030303030303,0.013333333333333334,0.04242424242424243,0.044848484848484846,0.11393939393939394,0.01696969696969697,0.02909090909090909,0.03272727272727273,0.04363636363636364,0.06303030303030303,0.10424242424242425,0.048484848484848485,0.06424242424242424,0.0036363636363636364,0.01696969696969697,0
0.09883720930232558,0.013565891472868217,0.031007751937984496,0.03294573643410853,0.07364341085271318,0.09108527131782945,0.011627906976744186,0.07945736434108527,0.046511627906976744,0.10077519379844961,0.040697674418604654,0.025193798449612403,0.03488372093023256,0.025193798449612403,0.03488372093023256,0.07945736434108527,0.06782945736434108,0.06201550387596899,0.013565891472868217,0.03682170542635659,0
0.07142857142857142,0.007142857142857143,0.11428571428571428,0.02857142857142857,0.05,0.07857142857142857,0.02142857142857143,0.05,0.09285714285714286,0.07857142857142857,0.014285714285714285,0.0,0.04285714285714286,0.02142857142857143,0.007142857142857143,0.08571428571428572,0.09285714285714286,0.1,0.007142857142857143,0.03571428571428571,0
0.07219251336898395,0.02406417112299465,0.05080213903743316,0.06951871657754011,0.03208556149732621,0.06951871657754011,0.01871657754010695,0.029411764705882353,0.06684491978609626,0.07219251336898395,0.0374331550802139,0.0213903743315508,0.06951871657754011,0.0213903743315508,0.06684491978609626,0.08288770053475936,0.06951871657754011,0.0855614973262032,0.008021390374331552,0.03208556149732621,0
0.05627705627705628,0.017316017316017316,0.09523809523809523,0.07792207792207792,0.017316017316017316,0.05194805194805195,0.004329004329004329,0.047619047619047616,0.06060606060606061,0.11255411255411256,0.04329004329004329,0.008658008658008658,0.06493506493506493,0.004329004329004329,0.06060606060606061,0.11255411255411256,0.05627705627705628,0.09090909090909091,0.004329004329004329,0.012987012987012988,0
0.043689320388349516,0.019417475728155338,0.06796116504854369,0.08737864077669903,0.014563106796116505,0.05339805825242718,0.014563106796116505,0.06310679611650485,0.09223300970873786,0.12135922330097088,0.03398058252427184,0.02912621359223301,0.02912621359223301,0.019417475728155338,0.05339805825242718,0.12135922330097088,0.043689320388349516,0.07766990291262135,0.0,0.014563106796116505,0
0.03763440860215054,0.010752688172043012,0.06989247311827956,0.0913978494623656,0.03225806451612903,0.03225806451612903,0.021505376344086023,0.04838709677419355,0.0913978494623656,0.12365591397849462,0.043010752688172046,0.021505376344086023,0.043010752688172046,0.016129032258064516,0.06451612903225806,0.0967741935483871,0.03225806451612903,0.10215053763440861,0.0,0.021505376344086023,0
0.046511627906976744,0.005813953488372093,0.055232558139534885,0.06686046511627906,0.0377906976744186,0.07267441860465117,0.023255813953488372,0.023255813953488372,0.06976744186046512,0.06976744186046512,0.01744186046511628,0.06395348837209303,0.029069767441860465,0.02616279069767442,0.07848837209302326,0.12790697674418605,0.046511627906976744,0.09593023255813954,0.01744186046511628,0.02616279069767442,0
0.058734939759036146,0.006024096385542169,0.06475903614457831,0.046686746987951805,0.03463855421686747,0.08132530120481928,0.03162650602409638,0.030120481927710843,0.04066265060240964,0.08433734939759036,0.03313253012048193,0.0677710843373494,0.0572289156626506,0.05572289156626506,0.0572289156626506,0.10843373493975904,0.04066265060240964,0.07981927710843373,0.006024096385542169,0.015060240963855422,0
0.06444906444906445,0.02494802494802495,0.05405405405405406,0.08731808731808732,0.04365904365904366,0.060291060291060294,0.02702702702702703,0.05405405405405406,0.056133056133056136,0.09563409563409564,0.029106029106029108,0.04158004158004158,0.05405405405405406,0.02286902286902287,0.0498960498960499,0.062370062370062374,0.05197505197505198,0.07484407484407485,0.02286902286902287,0.02286902286902287,0
0.08490566037735849,0.009433962264150943,0.03773584905660377,0.04245283018867924,0.08490566037735849,0.0330188679245283,0.018867924528301886,0.08018867924528301,0.03773584905660377,0.08962264150943396,0.02830188679245283,0.014150943396226415,0.0660377358490566,0.03773584905660377,0.05660377358490566,0.07547169811320754,0.05660377358490566,0.07547169811320754,0.018867924528301886,0.05188679245283019,0
0.09836065573770492,0.019672131147540985,0.04262295081967213,0.04590163934426229,0.05573770491803279,0.08852459016393442,0.006557377049180328,0.09180327868852459,0.05901639344262295,0.11147540983606558,0.022950819672131147,0.02622950819672131,0.04262295081967213,0.022950819672131147,0.05245901639344262,0.03934426229508197,0.06557377049180328,0.06557377049180328,0.009836065573770493,0.03278688524590164,0
0.0748663101604278,0.0106951871657754,0.0427807486631016,0.026737967914438502,0.058823529411764705,0.0427807486631016,0.0374331550802139,0.0748663101604278,0.0106951871657754,0.16042780748663102,0.016042780748663103,0.03208556149732621,0.0427807486631016,0.0106951871657754,0.0374331550802139,0.12299465240641712,0.0213903743315508,0.11764705882352941,0.03208556149732621,0.026737967914438502,0
0.044596912521440824,0.02144082332761578,0.04288164665523156,0.048027444253859346,0.04202401372212693,0.09176672384219554,0.014579759862778732,0.05574614065180103,0.05317324185248713,0.13379073756432247,0.022298456260720412,0.07032590051457976,0.045454545454545456,0.024013722126929673,0.03687821612349914,0.10463121783876501,0.04974271012006861,0.05660377358490566,0.011149228130360206,0.030874785591766724,0
0.051070840197693576,0.04118616144975288,0.04942339373970346,0.047775947281713346,0.032948929159802305,0.06754530477759473,0.0214168039538715,0.039538714991762765,0.036243822075782535,0.17792421746293247,0.014827018121911038,0.03459637561779242,0.036243822075782535,0.029654036243822075,0.05930807248764415,0.11367380560131796,0.06919275123558484,0.057660626029654036,0.008237232289950576,0.011532125205930808,0
0.07640449438202247,0.011235955056179775,0.04269662921348315,0.058426966292134834,0.06292134831460675,0.04269662921348315,0.033707865168539325,0.04269662921348315,0.024719101123595506,0.1258426966292135,0.020224719101123594,0.06292134831460675,0.035955056179775284,0.04719101123595506,0.060674157303370786,0.10786516853932585,0.07415730337078652,0.04269662921348315,0.015730337078651686,0.011235955056179775,0
0.07783641160949868,0.023746701846965697,0.04353562005277045,0.07519788918205805,0.029023746701846966,0.08047493403693931,0.01978891820580475,0.06068601583113457,0.07387862796833773,0.09102902374670185,0.032981530343007916,0.03825857519788918,0.03562005277044855,0.022427440633245383,0.055408970976253295,0.07519788918205805,0.055408970976253295,0.06860158311345646,0.017150395778364115,0.023746701846965697,0
0.03954802259887006,0.011299435028248588,0.062146892655367235,0.05649717514124294,0.01694915254237288,0.096045197740113,0.022598870056497175,0.05084745762711865,0.07909604519774012,0.03389830508474576,0.01694915254237288,0.05084745762711865,0.05084745762711865,0.022598870056497175,0.1016949152542373,0.1751412429378531,0.03954802259887006,0.04519774011299435,0.011299435028248588,0.01694915254237288,0
0.05088495575221239,0.028761061946902654,0.05309734513274336,0.0752212389380531,0.04424778761061947,0.05088495575221239,0.022123893805309734,0.048672566371681415,0.0752212389380531,0.1084070796460177,0.028761061946902654,0.02654867256637168,0.04424778761061947,0.048672566371681415,0.048672566371681415,0.09513274336283185,0.03982300884955752,0.061946902654867256,0.017699115044247787,0.030973451327433628,0
0.05543710021321962,0.014925373134328358,0.057569296375266525,0.042643923240938165,0.0511727078891258,0.05970149253731343,0.03624733475479744,0.06396588486140725,0.06823027718550106,0.08742004264392324,0.031982942430703626,0.029850746268656716,0.0767590618336887,0.03837953091684435,0.0255863539445629,0.09381663113006397,0.06396588486140725,0.06823027718550106,0.014925373134328358,0.019189765458422176,0
0.04670912951167728,0.006369426751592357,0.04883227176220807,0.050955414012738856,0.03821656050955414,0.0870488322717622,0.021231422505307854,0.03397027600849257,0.06369426751592357,0.09978768577494693,0.014861995753715499,0.040339702760084924,0.04246284501061571,0.03184713375796178,0.09766454352441614,0.11464968152866242,0.05732484076433121,0.05307855626326964,0.006369426751592357,0.044585987261146494,0
0.082039911308204,0.008869179600886918,0.03991130820399113,0.06430155210643015,0.05543237250554324,0.08425720620842572,0.019955654101995565,0.057649667405764965,0.028824833702882482,0.07317073170731707,0.019955654101995565,0.0598669623059867,0.05321507760532151,0.06430155210643015,0.05321507760532151,0.07760532150776053,0.050997782705099776,0.07095343680709534,0.015521064301552107,0.019955654101995565,0
0.08097165991902834,0.004048582995951417,0.04048582995951417,0.02834008097165992,0.03643724696356275,0.08906882591093117,0.012145748987854251,0.044534412955465584,0.05668016194331984,0.1214574898785425,0.020242914979757085,0.05263157894736842,0.06882591093117409,0.05263157894736842,0.024291497975708502,0.08906882591093117,0.07692307692307693,0.07692307692307693,0.0,0.024291497975708502,0
0.0691699604743083,0.023715415019762844,0.04743083003952569,0.039525691699604744,0.03557312252964427,0.07114624505928854,0.05928853754940711,0.043478260869565216,0.05138339920948617,0.06324110671936758,0.017786561264822136,0.0691699604743083,0.0533596837944664,0.05533596837944664,0.04743083003952569,0.09881422924901186,0.07312252964426877,0.04940711462450593,0.01383399209486166,0.017786561264822136,0
0.09795918367346938,0.012244897959183673,0.07346938775510205,0.08163265306122448,0.024489795918367346,0.08163265306122448,0.004081632653061225,0.02857142857142857,0.06938775510204082,0.07346938775510205,0.0163265306122449,0.05714285714285714,0.05714285714285714,0.00816326530612245,0.061224489795918366,0.07346938775510205,0.0653061224489796,0.08571428571428572,0.00816326530612245,0.02040816326530612,0
0.08651399491094147,0.04071246819338423,0.06361323155216285,0.05089058524173028,0.04834605597964377,0.035623409669211195,0.030534351145038167,0.01272264631043257,0.04071246819338423,0.06870229007633588,0.020356234096692113,0.05343511450381679,0.08142493638676845,0.030534351145038167,0.08142493638676845,0.14249363867684478,0.043256997455470736,0.04071246819338423,0.010178117048346057,0.017811704834605598,0
0.06866952789699571,0.055793991416309016,0.02575107296137339,0.08583690987124463,0.017167381974248927,0.07296137339055794,0.02575107296137339,0.03862660944206009,0.04721030042918455,0.09871244635193133,0.02145922746781116,0.05150214592274678,0.05150214592274678,0.017167381974248927,0.0815450643776824,0.0944206008583691,0.04721030042918455,0.06866952789699571,0.017167381974248927,0.012875536480686695,0
0.046875,0.021484375,0.037109375,0.064453125,0.041015625,0.056640625,0.03125,0.06640625,0.060546875,0.123046875,0.044921875,0.041015625,0.044921875,0.03125,0.064453125,0.072265625,0.060546875,0.0546875,0.015625,0.021484375,0
0.03777777777777778,0.03333333333333333,0.06888888888888889,0.044444444444444446,0.06222222222222222,0.06,0.03111111111111111,0.06,0.07555555555555556,0.08,0.028888888888888888,0.044444444444444446,0.03111111111111111,0.02,0.051111111111111114,0.09111111111111111,0.05555555555555555,0.07777777777777778,0.015555555555555555,0.03111111111111111,0
0.050119331742243436,0.01909307875894988,0.06443914081145585,0.06443914081145585,0.04295942720763723,0.03818615751789976,0.02386634844868735,0.07637231503579953,0.045346062052505964,0.1360381861575179,0.028639618138424822,0.03341288782816229,0.021479713603818614,0.03579952267303103,0.04295942720763723,0.08591885441527446,0.06443914081145585,0.07875894988066826,0.01909307875894988,0.028639618138424822,0
0.05653710247349823,0.014134275618374558,0.05653710247349823,0.053003533568904596,0.04240282685512368,0.09540636042402827,0.0176678445229682,0.053003533568904596,0.06007067137809187,0.08833922261484099,0.03180212014134275,0.02120141342756184,0.045936395759717315,0.038869257950530034,0.0636042402826855,0.0706713780918728,0.05653710247349823,0.08480565371024736,0.0176678445229682,0.03180212014134275,0
0.11553784860557768,0.0199203187250996,0.035856573705179286,0.06772908366533864,0.05179282868525897,0.0796812749003984,0.01195219123505976,0.05179282868525897,0.04780876494023904,0.06374501992031872,0.01195219123505976,0.035856573705179286,0.06374501992031872,0.0199203187250996,0.05179282868525897,0.10358565737051793,0.05976095617529881,0.07171314741035857,0.0,0.035856573705179286,0
0.10546875,0.02734375,0.0390625,0.05859375,0.05078125,0.0859375,0.01953125,0.078125,0.03515625,0.06640625,0.015625,0.0390625,0.05859375,0.015625,0.046875,0.12109375,0.078125,0.03515625,0.0,0.0234375,0
0.0529595015576324,0.0,0.037383177570093455,0.07165109034267912,0.056074766355140186,0.09657320872274143,0.028037383177570093,0.06542056074766354,0.04984423676012461,0.0529595015576324,0.03426791277258567,0.04672897196261682,0.059190031152647975,0.04984423676012461,0.040498442367601244,0.09968847352024922,0.037383177570093455,0.0778816199376947,0.01557632398753894,0.028037383177570093,0
0.06734006734006734,0.003367003367003367,0.050505050505050504,0.050505050505050504,0.037037037037037035,0.08754208754208755,0.04713804713804714,0.026936026936026935,0.03367003367003367,0.06060606060606061,0.026936026936026935,0.06060606060606061,0.07407407407407407,0.06060606060606061,0.06734006734006734,0.13804713804713806,0.05387205387205387,0.026936026936026935,0.003367003367003367,0.02356902356902357,0
0.06418918918918919,0.006756756756756757,0.0777027027027027,0.030405405405405407,0.037162162162162164,0.0472972972972973,0.02702702702702703,0.05067567567567568,0.125,0.09121621621621621,0.04054054054054054,0.02364864864864865,0.02364864864864865,0.057432432432432436,0.04391891891891892,0.10472972972972973,0.05405405405405406,0.07094594594594594,0.010135135135135136,0.013513513513513514,0
0.0425531914893617,0.022913256955810146,0.05073649754500818,0.03764320785597381,0.04746317512274959,0.05073649754500818,0.022913256955810146,0.05073649754500818,0.062193126022913256,0.10474631751227496,0.024549918166939442,0.04582651391162029,0.08346972176759411,0.027823240589198037,0.06546644844517185,0.07364975450081833,0.05073649754500818,0.06710310965630115,0.02127659574468085,0.04746317512274959,0
0.07721280602636535,0.005649717514124294,0.0583804143126177,0.06779661016949153,0.02824858757062147,0.07721280602636535,0.011299435028248588,0.03389830508474576,0.05273069679849341,0.060263653483992465,0.005649717514124294,0.062146892655367235,0.05273069679849341,0.032015065913371,0.054613935969868174,0.12617702448210924,0.08097928436911488,0.07721280602636535,0.007532956685499058,0.02824858757062147,0
0.09113300492610837,0.014778325123152709,0.054187192118226604,0.05172413793103448,0.03201970443349754,0.05665024630541872,0.022167487684729065,0.022167487684729065,0.07389162561576355,0.09113300492610837,0.022167487684729065,0.04187192118226601,0.07389162561576355,0.046798029556650245,0.07142857142857142,0.054187192118226604,0.046798029556650245,0.09113300492610837,0.007389162561576354,0.034482758620689655,0
0.03132530120481928,0.014457831325301205,0.05060240963855422,0.06987951807228916,0.03855421686746988,0.06265060240963856,0.01927710843373494,0.043373493975903614,0.033734939759036145,0.08433734939759036,0.024096385542168676,0.05542168674698795,0.06265060240963856,0.04096385542168675,0.06506024096385542,0.0746987951807229,0.05542168674698795,0.10602409638554217,0.024096385542168676,0.043373493975903614,0
0.057971014492753624,0.026915113871635612,0.057971014492753624,0.055900621118012424,0.022774327122153208,0.06832298136645963,0.037267080745341616,0.035196687370600416,0.039337474120082816,0.053830227743271224,0.022774327122153208,0.033126293995859216,0.10351966873706005,0.07039337474120083,0.07246376811594203,0.09109730848861283,0.047619047619047616,0.045548654244306416,0.006211180124223602,0.051759834368530024,0
0.056818181818181816,0.015151515151515152,0.07954545454545454,0.08333333333333333,0.03787878787878788,0.05303030303030303,0.015151515151515152,0.06439393939393939,0.06060606060606061,0.0946969696969697,0.04924242424242424,0.03787878787878788,0.03409090909090909,0.015151515151515152,0.03409090909090909,0.09848484848484848,0.06439393939393939,0.07954545454545454,0.0,0.026515151515151516,0
0.09263157894736843,0.018947368421052633,0.06736842105263158,0.07578947368421053,0.021052631578947368,0.07789473684210527,0.018947368421052633,0.07578947368421053,0.08210526315789474,0.0863157894736842,0.02526315789473684,0.04421052631578947,0.02736842105263158,0.029473684210526315,0.03368421052631579,0.08,0.04,0.07157894736842105,0.008421052631578947,0.023157894736842106,0
0.07228915662650602,0.04819277108433735,0.024096385542168676,0.08433734939759036,0.03614457831325301,0.060240963855421686,0.0,0.024096385542168676,0.08433734939759036,0.060240963855421686,0.060240963855421686,0.060240963855421686,0.04819277108433735,0.060240963855421686,0.03614457831325301,0.060240963855421686,0.03614457831325301,0.0963855421686747,0.012048192771084338,0.03614457831325301,0
0.05228758169934641,0.0,0.06535947712418301,0.10457516339869281,0.05228758169934641,0.032679738562091505,0.0196078431372549,0.0457516339869281,0.0915032679738562,0.05228758169934641,0.026143790849673203,0.058823529411764705,0.0457516339869281,0.0196078431372549,0.0718954248366013,0.09803921568627451,0.0457516339869281,0.09803921568627451,0.0196078431372549,0.0,0
0.05803571428571429,0.008928571428571428,0.04017857142857143,0.12053571428571429,0.049107142857142856,0.05357142857142857,0.013392857142857142,0.08035714285714286,0.09821428571428571,0.125,0.03571428571428571,0.026785714285714284,0.0625,0.017857142857142856,0.049107142857142856,0.03571428571428571,0.03571428571428571,0.049107142857142856,0.022321428571428572,0.017857142857142856,0
0.044444444444444446,0.013333333333333334,0.044444444444444446,0.11555555555555555,0.05333333333333334,0.044444444444444446,0.022222222222222223,0.07555555555555556,0.10222222222222223,0.10666666666666667,0.044444444444444446,0.035555555555555556,0.06666666666666667,0.008888888888888889,0.04,0.035555555555555556,0.03111111111111111,0.07555555555555556,0.022222222222222223,0.017777777777777778,0
0.044444444444444446,0.008888888888888889,0.044444444444444446,0.10222222222222223,0.03111111111111111,0.057777777777777775,0.013333333333333334,0.09333333333333334,0.08888888888888889,0.10666666666666667,0.04888888888888889,0.03111111111111111,0.057777777777777775,0.03111111111111111,0.044444444444444446,0.04,0.022222222222222223,0.08444444444444445,0.022222222222222223,0.02666666666666667,0
0.0625,0.008928571428571428,0.03571428571428571,0.12053571428571429,0.05803571428571429,0.05803571428571429,0.008928571428571428,0.08035714285714286,0.10714285714285714,0.08482142857142858,0.04017857142857143,0.026785714285714284,0.0625,0.03125,0.03125,0.03125,0.013392857142857142,0.08928571428571429,0.022321428571428572,0.026785714285714284,0
0.053811659192825115,0.013452914798206279,0.03139013452914798,0.1210762331838565,0.03587443946188341,0.05829596412556054,0.026905829596412557,0.08071748878923767,0.11210762331838565,0.10762331838565023,0.03587443946188341,0.03587443946188341,0.04484304932735426,0.013452914798206279,0.04035874439461883,0.04484304932735426,0.026905829596412557,0.07623318385650224,0.017937219730941704,0.02242152466367713,0
0.048458149779735685,0.004405286343612335,0.048458149779735685,0.09691629955947137,0.039647577092511016,0.048458149779735685,0.01762114537444934,0.07048458149779736,0.0881057268722467,0.11013215859030837,0.03524229074889868,0.03524229074889868,0.048458149779735685,0.01762114537444934,0.05286343612334802,0.05286343612334802,0.039647577092511016,0.1013215859030837,0.022026431718061675,0.022026431718061675,0
0.051470588235294115,0.01838235294117647,0.025735294117647058,0.04779411764705882,0.08455882352941177,0.0625,0.05514705882352941,0.05514705882352941,0.04411764705882353,0.1213235294117647,0.03308823529411765,0.022058823529411766,0.04779411764705882,0.014705882352941176,0.025735294117647058,0.08455882352941177,0.05514705882352941,0.051470588235294115,0.03308823529411765,0.0661764705882353,0
0.06906077348066299,0.04696132596685083,0.08839779005524862,0.0718232044198895,0.016574585635359115,0.049723756906077346,0.022099447513812154,0.03314917127071823,0.03867403314917127,0.055248618784530384,0.022099447513812154,0.03038674033149171,0.049723756906077346,0.019337016574585635,0.09116022099447514,0.10773480662983426,0.04696132596685083,0.10220994475138122,0.013812154696132596,0.024861878453038673,0
0.08208955223880597,0.026119402985074626,0.033582089552238806,0.06716417910447761,0.03731343283582089,0.08582089552238806,0.011194029850746268,0.041044776119402986,0.055970149253731345,0.1044776119402985,0.022388059701492536,0.041044776119402986,0.033582089552238806,0.033582089552238806,0.041044776119402986,0.09701492537313433,0.07835820895522388,0.08582089552238806,0.014925373134328358,0.007462686567164179,0
0.07011070110701106,0.025830258302583026,0.025830258302583026,0.07380073800738007,0.04059040590405904,0.08487084870848709,0.01845018450184502,0.04428044280442804,0.04797047970479705,0.09225092250922509,0.02214022140221402,0.04428044280442804,0.03690036900369004,0.02952029520295203,0.04428044280442804,0.1033210332103321,0.07749077490774908,0.0959409594095941,0.014760147601476014,0.007380073800738007,0
0.08921933085501858,0.022304832713754646,0.02973977695167286,0.06691449814126393,0.040892193308550186,0.09293680297397769,0.01486988847583643,0.03717472118959108,0.04460966542750929,0.08550185873605948,0.02973977695167286,0.048327137546468404,0.02973977695167286,0.03345724907063197,0.03717472118959108,0.09293680297397769,0.08178438661710037,0.08921933085501858,0.01486988847583643,0.01858736059479554,0
0.1076923076923077,0.019230769230769232,0.03461538461538462,0.057692307692307696,0.046153846153846156,0.09230769230769231,0.015384615384615385,0.07307692307692308,0.04230769230769231,0.11153846153846154,0.007692307692307693,0.05,0.03076923076923077,0.03076923076923077,0.03461538461538462,0.08846153846153847,0.07307692307692308,0.05384615384615385,0.011538461538461539,0.019230769230769232,0
0.08178438661710037,0.026022304832713755,0.03717472118959108,0.048327137546468404,0.03717472118959108,0.09293680297397769,0.022304832713754646,0.05204460966542751,0.05204460966542751,0.10780669144981413,0.01486988847583643,0.04460966542750929,0.02973977695167286,0.03717472118959108,0.02973977695167286,0.09665427509293681,0.05947955390334572,0.09293680297397769,0.011152416356877323,0.026022304832713755,0
